0 19 A A -2.261 18.246 18.422 0.144 14.146 21.558 5.69460463778 D T -1.982 -5.55395155488 3.39519599802
0 20 A A -2.261 18.246 18.422 4.574 15.719 17.97 7.30118223999 D V -5.2415 -5.55395155488 3.39519599802
0 21 A A -2.261 18.246 18.422 2.604 20.696 18.831 5.46241676639 D T 2.1655 -5.55395155488 3.39519599802
0 50 A A -2.261 18.246 18.422 -4.866 12.023 13.538 8.32857884005 D T -3.8775 -5.55395155488 3.39519599802
0 51 A A -2.261 18.246 18.422 -2.488 15.331 9.219 9.65629233163 D A -3.375 -5.55395155488 3.39519599802
0 52 A A -2.261 18.246 18.422 -4.344 19.985 10.857 8.03693000867 D R -2.2575 -5.55395155488 3.39519599802
1 18 A A 0.555 15.888 14.98 3.799 10.331 20.154 8.25675782003 I Y -13.449 -5.55395155488 3.39519599802
1 19 A A 0.555 15.888 14.98 0.144 14.146 21.558 6.81715344982 I T -7.3955 -5.55395155488 3.39519599802
1 20 A A 0.555 15.888 14.98 4.574 15.719 17.97 5.01208748424 I V -10.655 -5.55395155488 3.39519599802
1 21 A A 0.555 15.888 14.98 2.604 20.696 18.831 6.49195356324 I T -3.248 -5.55395155488 3.39519599802
1 22 A A 0.555 15.888 14.98 7.703 20.449 16.943 8.70344765968 I T 0.4005 -5.55395155488 3.39519599802
1 23 A A 0.555 15.888 14.98 6.892 19.396 11.781 7.91815871937 I E -4.513 -5.55395155488 3.39519599802
1 25 A A 0.555 15.888 14.98 9.116 17.505 19.003 9.59635041777 I E -7.9225 -5.55395155488 3.39519599802
1 26 A A 0.555 15.888 14.98 7.493 15.35 13.947 7.03508200936 I L -11.4625 -5.55395155488 3.39519599802
1 29 A A 0.555 15.888 14.98 8.09 11.065 17.376 9.26166151434 I V -11.63 -5.55395155488 3.39519599802
1 49 A A 0.555 15.888 14.98 0.341 10.536 11.257 6.52306815458 I I -13.848 -5.55395155488 3.39519599802
1 50 A A 0.555 15.888 14.98 -4.866 12.023 13.538 6.81210882502 I T -9.291 -5.55395155488 3.39519599802
1 51 A A 0.555 15.888 14.98 -2.488 15.331 9.219 6.53905301397 I A -8.7885 -5.55395155488 3.39519599802
1 52 A A 0.555 15.888 14.98 -4.344 19.985 10.857 7.60162733357 I R -7.671 -5.55395155488 3.39519599802
1 56 A A 0.555 15.888 14.98 -1.254 17.956 6.835 8.59593632562 I E -11.637 -5.55395155488 3.39519599802
1 60 A A 0.555 15.888 14.98 2.343 12.577 7.5 8.37317483529 I F -14.514 -5.55395155488 3.39519599802
2 17 A A -3.095 11.691 17.017 -0.458 6.683 21.889 7.46794576061 Q T -5.41 -5.55395155488 3.39519599802
2 18 A A -3.095 11.691 17.017 3.799 10.331 20.154 7.6952972227 Q Y -11.8515 -5.55395155488 3.39519599802
2 19 A A -3.095 11.691 17.017 0.144 14.146 21.558 6.09416364095 Q T -5.798 -5.55395155488 3.39519599802
2 20 A A -3.095 11.691 17.017 4.574 15.719 17.97 8.71473156775 Q V -9.0575 -5.55395155488 3.39519599802
2 48 A A -3.095 11.691 17.017 -2.522 5.559 11.757 8.09921940567 Q S -7.2815 -5.55395155488 3.39519599802
2 49 A A -3.095 11.691 17.017 0.341 10.536 11.257 6.80571258334 Q I -12.2505 -5.55395155488 3.39519599802
2 50 A A -3.095 11.691 17.017 -4.866 12.023 13.538 3.91792126137 Q T -7.6935 -5.55395155488 3.39519599802
2 51 A A -3.095 11.691 17.017 -2.488 15.331 9.219 8.62710037449 Q A -7.191 -5.55395155488 3.39519599802
2 83 A A -3.095 11.691 17.017 -7.497 14.652 8.856 9.73380996791 Q D -5.2615 -5.55395155488 3.39519599802
2 84 A A -3.095 11.691 17.017 -6.6 9.245 10.167 8.07406005937 Q T -8.6635 -5.55395155488 3.39519599802
3 16 A A 2.439 9.624 16.196 4.329 3.734 20.373 7.46401517878 V Y -12.56 -5.55395155488 3.39519599802
3 17 A A 2.439 9.624 16.196 -0.458 6.683 21.889 7.03223607321 V T -8.691 -5.55395155488 3.39519599802
3 18 A A 2.439 9.624 16.196 3.799 10.331 20.154 4.24443351323 V Y -15.1325 -5.55395155488 3.39519599802
3 19 A A 2.439 9.624 16.196 0.144 14.146 21.558 7.38014703803 V T -9.079 -5.55395155488 3.39519599802
3 20 A A 2.439 9.624 16.196 4.574 15.719 17.97 6.6973375165 V V -12.3385 -5.55395155488 3.39519599802
3 26 A A 2.439 9.624 16.196 7.493 15.35 13.947 7.96165806713 V L -13.146 -5.55395155488 3.39519599802
3 29 A A 2.439 9.624 16.196 8.09 11.065 17.376 5.95001537266 V V -13.3135 -5.55395155488 3.39519599802
3 30 A A 2.439 9.624 16.196 10.523 10.363 12.773 8.80988628315 V L -12.8825 -5.55395155488 3.39519599802
3 33 A A 2.439 9.624 16.196 9.217 5.227 15.613 8.10029467433 V L -15.2495 -5.55395155488 3.39519599802
3 47 A A 2.439 9.624 16.196 3.147 4.316 11.465 7.14552136654 V I -15.6345 -5.55395155488 3.39519599802
3 48 A A 2.439 9.624 16.196 -2.522 5.559 11.757 7.8000292264 V S -10.5625 -5.55395155488 3.39519599802
3 49 A A 2.439 9.624 16.196 0.341 10.536 11.257 5.44307461507 V I -15.5315 -5.55395155488 3.39519599802
3 50 A A 2.439 9.624 16.196 -4.866 12.023 13.538 8.1353051666 V T -10.9745 -5.55395155488 3.39519599802
3 60 A A 2.439 9.624 16.196 2.343 12.577 7.5 9.18421616339 V F -16.1975 -5.55395155488 3.39519599802
3 64 A A 2.439 9.624 16.196 5.079 7.144 7.071 9.81761711816 V L -16.321 -5.55395155488 3.39519599802
4 15 A A -1.658 5.39 16.264 -0.31 -0.037 21.406 7.59668346521 Q D -4.474 -5.55395155488 3.39519599802
4 16 A A -1.658 5.39 16.264 4.329 3.734 20.373 7.44784394196 Q Y -9.7905 -5.55395155488 3.39519599802
4 17 A A -1.658 5.39 16.264 -0.458 6.683 21.889 5.89512295772 Q T -5.9215 -5.55395155488 3.39519599802
4 18 A A -1.658 5.39 16.264 3.799 10.331 20.154 8.32612919657 Q Y -12.363 -5.55395155488 3.39519599802
4 46 A A -1.658 5.39 16.264 0.124 -0.512 11.726 7.65523168757 Q R -10.2055 -5.55395155488 3.39519599802
4 47 A A -1.658 5.39 16.264 3.147 4.316 11.465 6.87545653963 Q I -12.865 -5.55395155488 3.39519599802
4 48 A A -1.658 5.39 16.264 -2.522 5.559 11.757 4.59217877667 Q S -7.793 -5.55395155488 3.39519599802
4 49 A A -1.658 5.39 16.264 0.341 10.536 11.257 7.45301076565 Q I -12.762 -5.55395155488 3.39519599802
4 50 A A -1.658 5.39 16.264 -4.866 12.023 13.538 7.85614586762 Q T -8.205 -5.55395155488 3.39519599802
4 84 A A -1.658 5.39 16.264 -6.6 9.245 10.167 8.74401502563 Q T -9.175 -5.55395155488 3.39519599802
4 86 A A -1.658 5.39 16.264 -3.476 3.934 8.283 8.31392927554 Q T -8.016 -5.55395155488 3.39519599802
5 15 A A 3.945 3.377 16.613 -0.31 -0.037 21.406 7.26176729091 V D -8.4265 -5.55395155488 3.39519599802
5 16 A A 3.945 3.377 16.613 4.329 3.734 20.373 3.79637884521 V Y -13.743 -5.55395155488 3.39519599802
5 17 A A 3.945 3.377 16.613 -0.458 6.683 21.889 7.62575963859 V T -9.874 -5.55395155488 3.39519599802
5 18 A A 3.945 3.377 16.613 3.799 10.331 20.154 7.80500535796 V Y -16.3155 -5.55395155488 3.39519599802
5 29 A A 3.945 3.377 16.613 8.09 11.065 17.376 8.76747029685 V V -14.4965 -5.55395155488 3.39519599802
5 32 A A 3.945 3.377 16.613 12.207 7.956 19.039 9.75260742663 V E -11.8885 -5.55395155488 3.39519599802
5 33 A A 3.945 3.377 16.613 9.217 5.227 15.613 5.67595716464 V L -16.4325 -5.55395155488 3.39519599802
5 36 A A 3.945 3.377 16.613 11.086 1.135 18.915 7.83068709316 V Y -12.186 -5.55395155488 3.39519599802
5 37 A A 3.945 3.377 16.613 10.603 -0.569 14.031 8.15883621991 V I -14.8385 -5.55395155488 3.39519599802
5 45 A A 3.945 3.377 16.613 5.742 -2.008 11.457 7.66888416431 V V -16.7295 -5.55395155488 3.39519599802
5 46 A A 3.945 3.377 16.613 0.124 -0.512 11.726 7.3216897952 V R -14.158 -5.55395155488 3.39519599802
5 47 A A 3.945 3.377 16.613 3.147 4.316 11.465 5.29343328611 V I -16.8175 -5.55395155488 3.39519599802
5 48 A A 3.945 3.377 16.613 -2.522 5.559 11.757 8.3763928693 V S -11.7455 -5.55395155488 3.39519599802
5 49 A A 3.945 3.377 16.613 0.341 10.536 11.257 9.63985722225 V I -16.7145 -5.55395155488 3.39519599802
6 16 A A -0.119 -0.818 16.065 4.329 3.734 20.373 7.68532760786 N Y -8.6565 -5.55395155488 3.39519599802
6 17 A A -0.119 -0.818 16.065 -0.458 6.683 21.889 9.50257280803 N T -4.7875 -5.55395155488 3.39519599802
6 42 A A -0.119 -0.818 16.065 7.651 -6.587 14.227 9.85050792668 N A -6.432 -5.55395155488 3.39519599802
6 44 A A -0.119 -0.818 16.065 2.747 -6.86 10.497 8.70185934296 N R -6.607 -5.55395155488 3.39519599802
6 45 A A -0.119 -0.818 16.065 5.742 -2.008 11.457 7.54990677063 N V -11.643 -5.55395155488 3.39519599802
6 46 A A -0.119 -0.818 16.065 0.124 -0.512 11.726 4.35655966193 N R -9.0715 -5.55395155488 3.39519599802
6 47 A A -0.119 -0.818 16.065 3.147 4.316 11.465 7.62789052881 N I -11.731 -5.55395155488 3.39519599802
6 48 A A -0.119 -0.818 16.065 -2.522 5.559 11.757 8.06222088353 N S -6.659 -5.55395155488 3.39519599802
6 86 A A -0.119 -0.818 16.065 -3.476 3.934 8.283 9.71650579214 N T -6.882 -5.55395155488 3.39519599802
6 88 A A -0.119 -0.818 16.065 0.045 -1.172 7.391 8.68277034491 N E -9.855 -5.55395155488 3.39519599802
7 33 A A 5.399 -3.068 16.702 9.217 5.227 15.613 9.19619864368 I L -15.5145 -5.55395155488 3.39519599802
7 36 A A 5.399 -3.068 16.702 11.086 1.135 18.915 7.40976087597 I Y -11.268 -5.55395155488 3.39519599802
7 37 A A 5.399 -3.068 16.702 10.603 -0.569 14.031 6.36088443793 I I -13.9205 -5.55395155488 3.39519599802
7 40 A A 5.399 -3.068 16.702 10.832 -5.013 17.677 5.85244694604 I Q -10.079 -5.55395155488 3.39519599802
7 41 A A 5.399 -3.068 16.702 12.412 -6.472 13.661 8.36761950605 I G -7.494 -5.55395155488 3.39519599802
7 42 A A 5.399 -3.068 16.702 7.651 -6.587 14.227 4.8559741775 I A -10.6005 -5.55395155488 3.39519599802
7 43 A A 5.399 -3.068 16.702 6.266 -10.122 10.362 9.5239798821 I K -9.7155 -5.55395155488 3.39519599802
7 44 A A 5.399 -3.068 16.702 2.747 -6.86 10.497 7.74043884248 I R -10.7755 -5.55395155488 3.39519599802
7 45 A A 5.399 -3.068 16.702 5.742 -2.008 11.457 5.36202136691 I V -15.8115 -5.55395155488 3.39519599802
7 46 A A 5.399 -3.068 16.702 0.124 -0.512 11.726 7.68890995567 I R -13.24 -5.55395155488 3.39519599802
7 47 A A 5.399 -3.068 16.702 3.147 4.316 11.465 9.32851122716 I I -15.8995 -5.55395155488 3.39519599802
8 40 A A 1.498 -7.342 15.537 10.832 -5.013 17.677 9.85532300918 D Q -4.283 -5.55395155488 3.39519599802
8 42 A A 1.498 -7.342 15.537 7.651 -6.587 14.227 6.3360501317 D A -4.8045 -5.55395155488 3.39519599802
8 43 A A 1.498 -7.342 15.537 6.266 -10.122 10.362 7.56589956794 D K -3.9195 -5.55395155488 3.39519599802
8 44 A A 1.498 -7.342 15.537 2.747 -6.86 10.497 5.2147794179 D R -4.9795 -5.55395155488 3.39519599802
8 45 A A 1.498 -7.342 15.537 5.742 -2.008 11.457 7.94414829931 D V -10.0155 -5.55395155488 3.39519599802
8 46 A A 1.498 -7.342 15.537 0.124 -0.512 11.726 7.94106385621 D R -7.444 -5.55395155488 3.39519599802
9 40 A A 6.462 -9.264 16.752 10.832 -5.013 17.677 6.16632167277 D Q -2.385 -5.55395155488 3.39519599802
9 41 A A 6.462 -9.264 16.752 12.412 -6.472 13.661 7.26306031579 D G 0.2 -5.55395155488 3.39519599802
9 42 A A 6.462 -9.264 16.752 7.651 -6.587 14.227 3.86725722485 D A -2.9065 -5.55395155488 3.39519599802
9 43 A A 6.462 -9.264 16.752 6.266 -10.122 10.362 6.45032433961 D K -2.0215 -5.55395155488 3.39519599802
9 44 A A 6.462 -9.264 16.752 2.747 -6.86 10.497 7.66194999912 D R -3.0815 -5.55395155488 3.39519599802
9 45 A A 6.462 -9.264 16.752 5.742 -2.008 11.457 9.01138015035 D V -8.1175 -5.55395155488 3.39519599802
10 42 A A 4.988 -14.315 17.55 7.651 -6.587 14.227 8.82359740082 N A 2.598 -5.55395155488 3.39519599802
10 43 A A 4.988 -14.315 17.55 6.266 -10.122 10.362 8.41913639787 N K 3.483 -5.55395155488 3.39519599802
12 40 A A 5.329 -9.57 21.663 10.832 -5.013 17.677 8.1815309819 K Q -2.366 -5.55395155488 3.39519599802
12 42 A A 5.329 -9.57 21.663 7.651 -6.587 14.227 8.34170642085 K A -2.8875 -5.55395155488 3.39519599802
13 42 A A 0.347 -6.516 20.481 7.651 -6.587 14.227 9.61592324572 N A -4.265 -5.55395155488 3.39519599802
14 36 A A 4.81 -2.682 20.947 11.086 1.135 18.915 7.6214626502 F Y -8.619 -5.55395155488 3.39519599802
14 37 A A 4.81 -2.682 20.947 10.603 -0.569 14.031 9.26577982415 F I -11.2715 -5.55395155488 3.39519599802
14 40 A A 4.81 -2.682 20.947 10.832 -5.013 17.677 7.23815905021 F Q -7.43 -5.55395155488 3.39519599802
14 42 A A 4.81 -2.682 20.947 7.651 -6.587 14.227 8.27518639189 F A -7.9515 -5.55395155488 3.39519599802
14 45 A A 4.81 -2.682 20.947 5.742 -2.008 11.457 9.55944632751 F V -13.1625 -5.55395155488 3.39519599802
15 46 A A -0.31 -0.037 21.406 0.124 -0.512 11.726 9.70136005641 D R -5.9995 -5.55395155488 3.39519599802
16 29 A A 4.329 3.734 20.373 8.09 11.065 17.376 8.76759268265 Y V -11.6545 -5.55395155488 3.39519599802
16 32 A A 4.329 3.734 20.373 12.207 7.956 19.039 9.03701945487 Y E -9.0465 -5.55395155488 3.39519599802
16 33 A A 4.329 3.734 20.373 9.217 5.227 15.613 6.98420983468 Y L -13.5905 -5.55395155488 3.39519599802
16 36 A A 4.329 3.734 20.373 11.086 1.135 18.915 7.38495869215 Y Y -9.344 -5.55395155488 3.39519599802
16 37 A A 4.329 3.734 20.373 10.603 -0.569 14.031 9.90453597567 Y I -11.9965 -5.55395155488 3.39519599802
16 47 A A 4.329 3.734 20.373 3.147 4.316 11.465 9.00490392556 Y I -13.9755 -5.55395155488 3.39519599802
18 28 A A 3.799 10.331 20.154 12.247 14.016 18.55 9.35525203211 Y K -11.1 -5.55395155488 3.39519599802
18 29 A A 3.799 10.331 20.154 8.09 11.065 17.376 5.16417683344 Y V -14.227 -5.55395155488 3.39519599802
18 30 A A 3.799 10.331 20.154 10.523 10.363 12.773 9.98460586334 Y L -13.796 -5.55395155488 3.39519599802
18 32 A A 3.799 10.331 20.154 12.207 7.956 19.039 8.80785533636 Y E -11.619 -5.55395155488 3.39519599802
18 33 A A 3.799 10.331 20.154 9.217 5.227 15.613 8.71930152 Y L -16.163 -5.55395155488 3.39519599802
18 49 A A 3.799 10.331 20.154 0.341 10.536 11.257 9.54758535875 Y I -16.445 -5.55395155488 3.39519599802
19 29 A A 0.144 14.146 21.558 8.09 11.065 17.376 9.49318776357 T V -8.1735 -5.55395155488 3.39519599802
19 50 A A 0.144 14.146 21.558 -4.866 12.023 13.538 9.69162727572 T T -5.8345 -5.55395155488 3.39519599802
20 30 A A 4.574 15.719 17.97 10.523 10.363 12.773 9.54390587455 V L -11.002 -5.55395155488 3.39519599802
20 49 A A 4.574 15.719 17.97 0.341 10.536 11.257 9.47871998099 V I -13.651 -5.55395155488 3.39519599802
23 56 A A 6.892 19.396 11.781 -1.254 17.956 6.835 9.63814468804 E E -5.298 -5.55395155488 3.39519599802
23 59 A A 6.892 19.396 11.781 3.446 16.445 3.996 9.01052393419 E K -3.412 -5.55395155488 3.39519599802
23 60 A A 6.892 19.396 11.781 2.343 12.577 7.5 9.24765537313 E F -8.175 -5.55395155488 3.39519599802
23 63 A A 6.892 19.396 11.781 7.444 11.631 6.508 9.40236488286 E I -3.903 -5.55395155488 3.39519599802
26 49 A A 7.493 15.35 13.947 0.341 10.536 11.257 9.03115708433 L I -14.4585 -5.55395155488 3.39519599802
26 60 A A 7.493 15.35 13.947 2.343 12.577 7.5 8.70493177203 L F -15.1245 -5.55395155488 3.39519599802
26 63 A A 7.493 15.35 13.947 7.444 11.631 6.508 8.31697564822 L I -10.8525 -5.55395155488 3.39519599802
27 63 A A 12.718 15.135 13.256 7.444 11.631 6.508 9.2535724438 Q I -7.858 -5.55395155488 3.39519599802
29 49 A A 8.09 11.065 17.376 0.341 10.536 11.257 9.88782064279 V I -14.626 -5.55395155488 3.39519599802
30 47 A A 10.523 10.363 12.773 3.147 4.316 11.465 9.6271719133 L I -14.298 -5.55395155488 3.39519599802
30 60 A A 10.523 10.363 12.773 2.343 12.577 7.5 9.98091811326 L F -14.861 -5.55395155488 3.39519599802
30 63 A A 10.523 10.363 12.773 7.444 11.631 6.508 7.0949480205 L I -10.589 -5.55395155488 3.39519599802
30 64 A A 10.523 10.363 12.773 5.079 7.144 7.071 8.51539157961 L L -14.9845 -5.55395155488 3.39519599802
30 66 A A 10.523 10.363 12.773 11.401 8.001 3.201 9.89813626555 L K -8.0255 -5.55395155488 3.39519599802
30 67 A A 10.523 10.363 12.773 10.034 5.89 8.104 6.48432014639 L V -11.0045 -5.55395155488 3.39519599802
31 67 A A 15.039 9.844 15.038 10.034 5.89 8.104 9.42149079396 N V -6.204 -5.55395155488 3.39519599802
33 45 A A 9.217 5.227 15.613 5.742 -2.008 11.457 9.03842842593 L V -16.577 -5.55395155488 3.39519599802
33 47 A A 9.217 5.227 15.613 3.147 4.316 11.465 7.4081522522 L I -16.665 -5.55395155488 3.39519599802
33 64 A A 9.217 5.227 15.613 5.079 7.144 7.071 9.68316545684 L L -17.3515 -5.55395155488 3.39519599802
33 67 A A 9.217 5.227 15.613 10.034 5.89 8.104 7.58235692314 L V -13.3715 -5.55395155488 3.39519599802
33 71 A A 9.217 5.227 15.613 13.1 0.287 8.621 9.40049739327 L L -12.7485 -5.55395155488 3.39519599802
34 67 A A 13.922 4.804 12.968 10.034 5.89 8.104 6.32095209788 M V -10.698 -5.55395155488 3.39519599802
34 68 A A 13.922 4.804 12.968 8.043 1.749 5.717 9.82205011219 M F -14.948 -5.55395155488 3.39519599802
34 70 A A 13.922 4.804 12.968 15.186 3.805 5.314 7.82172722839 M E -6.0925 -5.55395155488 3.39519599802
34 71 A A 13.922 4.804 12.968 13.1 0.287 8.621 6.32260862347 M L -10.075 -5.55395155488 3.39519599802
35 71 A A 15.901 3.179 17.556 13.1 0.287 8.621 9.80017745839 D L -8.5415 -5.55395155488 3.39519599802
37 47 A A 10.603 -0.569 14.031 3.147 4.316 11.465 9.27574847809 I I -15.071 -5.55395155488 3.39519599802
37 67 A A 10.603 -0.569 14.031 10.034 5.89 8.104 8.78474621173 I V -11.7775 -5.55395155488 3.39519599802
37 68 A A 10.603 -0.569 14.031 8.043 1.749 5.717 9.0027395097 I F -16.0275 -5.55395155488 3.39519599802
37 71 A A 10.603 -0.569 14.031 13.1 0.287 8.621 6.01962181759 I L -11.1545 -5.55395155488 3.39519599802
37 72 A A 10.603 -0.569 14.031 13.465 -2.739 4.875 9.83525726709 I G -7.276 -5.55395155488 3.39519599802
37 73 A A 10.603 -0.569 14.031 8.781 -2.137 5.932 8.44820142008 I Y -16.5035 -5.55395155488 3.39519599802
37 91 A A 10.603 -0.569 14.031 9.865 -7.422 7.524 9.47888691734 I L -9.5735 -5.55395155488 3.39519599802
38 70 A A 16.245 -1.024 13.999 15.186 3.805 5.314 9.9934948711 K E -1.3345 -5.55395155488 3.39519599802
38 71 A A 16.245 -1.024 13.999 13.1 0.287 8.621 6.36652383148 K L -5.317 -5.55395155488 3.39519599802
38 72 A A 16.245 -1.024 13.999 13.465 -2.739 4.875 9.69107824514 K G -1.4385 -5.55395155488 3.39519599802
41 71 A A 12.412 -6.472 13.661 13.1 0.287 8.621 8.45925703733 G L -4.728 -5.55395155488 3.39519599802
41 72 A A 12.412 -6.472 13.661 13.465 -2.739 4.875 9.60405641753 G G -0.8495 -5.55395155488 3.39519599802
41 73 A A 12.412 -6.472 13.661 8.781 -2.137 5.932 9.57673355523 G Y -10.077 -5.55395155488 3.39519599802
41 91 A A 12.412 -6.472 13.661 9.865 -7.422 7.524 6.71211429565 G L -3.147 -5.55395155488 3.39519599802
42 73 A A 7.651 -6.587 14.227 8.781 -2.137 5.932 9.48084515361 A Y -13.1835 -5.55395155488 3.39519599802
42 89 A A 7.651 -6.587 14.227 4.345 -2.181 6.106 9.8129058111 A G -5.8255 -5.55395155488 3.39519599802
42 90 A A 7.651 -6.587 14.227 4.724 -6.792 5.376 9.32467437852 A Q -6.004 -5.55395155488 3.39519599802
42 91 A A 7.651 -6.587 14.227 9.865 -7.422 7.524 7.1083915107 A L -6.2535 -5.55395155488 3.39519599802
43 73 A A 6.266 -10.122 10.362 8.781 -2.137 5.932 9.47155472707 K Y -12.2985 -5.55395155488 3.39519599802
43 89 A A 6.266 -10.122 10.362 4.345 -2.181 6.106 9.21212582352 K G -4.9405 -5.55395155488 3.39519599802
43 90 A A 6.266 -10.122 10.362 4.724 -6.792 5.376 6.19086942932 K Q -5.119 -5.55395155488 3.39519599802
43 91 A A 6.266 -10.122 10.362 9.865 -7.422 7.524 5.31949673317 K L -5.3685 -5.55395155488 3.39519599802
44 73 A A 2.747 -6.86 10.497 8.781 -2.137 5.932 8.9193672099 R Y -13.3585 -5.55395155488 3.39519599802
44 88 A A 2.747 -6.86 10.497 0.045 -1.172 7.391 7.02149453055 R E -10.05 -5.55395155488 3.39519599802
44 89 A A 2.747 -6.86 10.497 4.345 -2.181 6.106 6.61267893212 R G -6.0005 -5.55395155488 3.39519599802
44 90 A A 2.747 -6.86 10.497 4.724 -6.792 5.376 5.48978980664 R Q -6.179 -5.55395155488 3.39519599802
44 91 A A 2.747 -6.86 10.497 9.865 -7.422 7.524 7.73437099361 R L -6.4285 -5.55395155488 3.39519599802
45 67 A A 5.742 -2.008 11.457 10.034 5.89 8.104 9.59386646185 V V -13.6685 -5.55395155488 3.39519599802
45 68 A A 5.742 -2.008 11.457 8.043 1.749 5.717 7.23583082219 V F -17.9185 -5.55395155488 3.39519599802
45 71 A A 5.742 -2.008 11.457 13.1 0.287 8.621 8.21280009829 V L -13.0455 -5.55395155488 3.39519599802
45 73 A A 5.742 -2.008 11.457 8.781 -2.137 5.932 6.30696306012 V Y -18.3945 -5.55395155488 3.39519599802
45 76 A A 5.742 -2.008 11.457 4.26 0.326 2.122 9.73581556638 V I -14.1745 -5.55395155488 3.39519599802
45 87 A A 5.742 -2.008 11.457 2.156 4.28 6.343 8.86291922604 V V -17.0435 -5.55395155488 3.39519599802
45 88 A A 5.742 -2.008 11.457 0.045 -1.172 7.391 7.04890494499 V E -15.086 -5.55395155488 3.39519599802
45 89 A A 5.742 -2.008 11.457 4.345 -2.181 6.106 5.53305865786 V G -11.0365 -5.55395155488 3.39519599802
45 90 A A 5.742 -2.008 11.457 4.724 -6.792 5.376 7.80394379019 V Q -11.215 -5.55395155488 3.39519599802
45 91 A A 5.742 -2.008 11.457 9.865 -7.422 7.524 7.85996237742 V L -11.4645 -5.55395155488 3.39519599802
46 77 A A 0.124 -0.512 11.726 -1.256 -0.953 2.983 8.86221927663 R N -8.04 -5.55395155488 3.39519599802
46 79 A A 0.124 -0.512 11.726 -5.398 3.315 4.339 9.9852979657 R T -8.3225 -5.55395155488 3.39519599802
46 86 A A 0.124 -0.512 11.726 -3.476 3.934 8.283 6.67691289509 R T -9.5415 -5.55395155488 3.39519599802
46 87 A A 0.124 -0.512 11.726 2.156 4.28 6.343 7.48792214175 R V -14.472 -5.55395155488 3.39519599802
46 88 A A 0.124 -0.512 11.726 0.045 -1.172 7.391 4.38566601154 R E -12.5145 -5.55395155488 3.39519599802
46 89 A A 0.124 -0.512 11.726 4.345 -2.181 6.106 7.22404305298 R G -8.465 -5.55395155488 3.39519599802
47 60 A A 3.147 4.316 11.465 2.343 12.577 7.5 9.19846498823 I F -17.613 -5.55395155488 3.39519599802
47 61 A A 3.147 4.316 11.465 1.441 9.419 3.26 9.8118839099 I A -13.4815 -5.55395155488 3.39519599802
47 63 A A 3.147 4.316 11.465 7.444 11.631 6.508 9.8257457124 I I -13.341 -5.55395155488 3.39519599802
47 64 A A 3.147 4.316 11.465 5.079 7.144 7.071 5.57112596838 I L -17.7365 -5.55395155488 3.39519599802
47 67 A A 3.147 4.316 11.465 10.034 5.89 8.104 7.82333478729 I V -13.7565 -5.55395155488 3.39519599802
47 68 A A 3.147 4.316 11.465 8.043 1.749 5.717 7.97494885999 I F -18.0065 -5.55395155488 3.39519599802
47 85 A A 3.147 4.316 11.465 -1.953 9.176 6.533 8.59966402079 I V -16.517 -5.55395155488 3.39519599802
47 86 A A 3.147 4.316 11.465 -3.476 3.934 8.283 7.35766130754 I T -12.201 -5.55395155488 3.39519599802
47 87 A A 3.147 4.316 11.465 2.156 4.28 6.343 5.21711256913 I V -17.1315 -5.55395155488 3.39519599802
47 88 A A 3.147 4.316 11.465 0.045 -1.172 7.391 7.50586610517 I E -15.174 -5.55395155488 3.39519599802
47 89 A A 3.147 4.316 11.465 4.345 -2.181 6.106 8.50676743283 I G -11.1245 -5.55395155488 3.39519599802
48 60 A A -2.522 5.559 11.757 2.343 12.577 7.5 9.54162410637 S F -12.541 -5.55395155488 3.39519599802
48 64 A A -2.522 5.559 11.757 5.079 7.144 7.071 9.06895905569 S L -12.6645 -5.55395155488 3.39519599802
48 79 A A -2.522 5.559 11.757 -5.398 3.315 4.339 8.26641580321 S T -5.91 -5.55395155488 3.39519599802
48 81 A A -2.522 5.559 11.757 -9.365 7.052 7.349 8.27563620578 S D -4.0825 -5.55395155488 3.39519599802
48 84 A A -2.522 5.559 11.757 -6.6 9.245 10.167 5.72230548722 S T -8.288 -5.55395155488 3.39519599802
48 85 A A -2.522 5.559 11.757 -1.953 9.176 6.533 6.3793905037 S V -11.445 -5.55395155488 3.39519599802
48 86 A A -2.522 5.559 11.757 -3.476 3.934 8.283 3.95214079123 S T -7.129 -5.55395155488 3.39519599802
48 87 A A -2.522 5.559 11.757 2.156 4.28 6.343 7.26848819386 S V -12.0595 -5.55395155488 3.39519599802
48 88 A A -2.522 5.559 11.757 0.045 -1.172 7.391 8.42364574201 S E -10.102 -5.55395155488 3.39519599802
49 59 A A 0.341 10.536 11.257 3.446 16.445 3.996 9.86303279337 I K -12.747 -5.55395155488 3.39519599802
49 60 A A 0.341 10.536 11.257 2.343 12.577 7.5 4.72109423675 I F -17.51 -5.55395155488 3.39519599802
49 61 A A 0.341 10.536 11.257 1.441 9.419 3.26 8.14921439152 I A -13.3785 -5.55395155488 3.39519599802
49 63 A A 0.341 10.536 11.257 7.444 11.631 6.508 8.61421091807 I I -13.238 -5.55395155488 3.39519599802
49 64 A A 0.341 10.536 11.257 5.079 7.144 7.071 7.17474065487 I L -17.6335 -5.55395155488 3.39519599802
49 83 A A 0.341 10.536 11.257 -7.497 14.652 8.856 9.17281348436 I D -9.855 -5.55395155488 3.39519599802
49 84 A A 0.341 10.536 11.257 -6.6 9.245 10.167 7.14368693788 I T -13.257 -5.55395155488 3.39519599802
49 85 A A 0.341 10.536 11.257 -1.953 9.176 6.533 5.4247776943 I V -16.414 -5.55395155488 3.39519599802
49 86 A A 0.341 10.536 11.257 -3.476 3.934 8.283 8.18538778172 I T -12.098 -5.55395155488 3.39519599802
49 87 A A 0.341 10.536 11.257 2.156 4.28 6.343 8.15960523784 I V -17.0285 -5.55395155488 3.39519599802
50 60 A A -4.866 12.023 13.538 2.343 12.577 7.5 9.41987493415 T F -12.953 -5.55395155488 3.39519599802
50 81 A A -4.866 12.023 13.538 -9.365 7.052 7.349 9.12444837568 T D -4.4945 -5.55395155488 3.39519599802
50 82 A A -4.866 12.023 13.538 -10.25 11.713 6.358 8.9797526782 T G -2.634 -5.55395155488 3.39519599802
50 83 A A -4.866 12.023 13.538 -7.497 14.652 8.856 5.97954272592 T D -5.298 -5.55395155488 3.39519599802
50 84 A A -4.866 12.023 13.538 -6.6 9.245 10.167 4.69975332726 T T -8.7 -5.55395155488 3.39519599802
50 85 A A -4.866 12.023 13.538 -1.953 9.176 6.533 8.10314790194 T V -11.857 -5.55395155488 3.39519599802
50 86 A A -4.866 12.023 13.538 -3.476 3.934 8.283 9.74571923571 T T -7.541 -5.55395155488 3.39519599802
51 61 A A -2.488 15.331 9.219 1.441 9.419 3.26 9.26814267338 A A -8.319 -5.55395155488 3.39519599802
51 80 A A -2.488 15.331 9.219 -6.097 8.935 3.025 9.6072540527 A F -9.4975 -5.55395155488 3.39519599802
51 82 A A -2.488 15.331 9.219 -10.25 11.713 6.358 9.02905813875 A G -2.1315 -5.55395155488 3.39519599802
51 83 A A -2.488 15.331 9.219 -7.497 14.652 8.856 5.06782930094 A D -4.7955 -5.55395155488 3.39519599802
51 84 A A -2.488 15.331 9.219 -6.6 9.245 10.167 7.40585236183 A T -8.1975 -5.55395155488 3.39519599802
51 85 A A -2.488 15.331 9.219 -1.953 9.176 6.533 6.73682816466 A V -11.3545 -5.55395155488 3.39519599802
52 83 A A -4.344 19.985 10.857 -7.497 14.652 8.856 6.51047654234 R D -3.678 -5.55395155488 3.39519599802
53 82 A A -5.281 19.807 6.003 -10.25 11.713 6.358 9.50419922916 T G -0.978 -5.55395155488 3.39519599802
53 83 A A -5.281 19.807 6.003 -7.497 14.652 8.856 6.29478186322 T D -3.642 -5.55395155488 3.39519599802
54 80 A A -6.635 15.394 3.164 -6.097 8.935 3.025 6.48285750015 K F -7.117 -5.55395155488 3.39519599802
54 81 A A -6.635 15.394 3.164 -9.365 7.052 7.349 9.72399537993 K D -1.6115 -5.55395155488 3.39519599802
54 82 A A -6.635 15.394 3.164 -10.25 11.713 6.358 6.06791702822 K G 0.249 -5.55395155488 3.39519599802
54 83 A A -6.635 15.394 3.164 -7.497 14.652 8.856 5.8045215502 K D -2.415 -5.55395155488 3.39519599802
54 84 A A -6.635 15.394 3.164 -6.6 9.245 10.167 9.31951898123 K T -5.817 -5.55395155488 3.39519599802
54 85 A A -6.635 15.394 3.164 -1.953 9.176 6.533 8.48143946161 K V -8.974 -5.55395155488 3.39519599802
55 83 A A -2.802 19.055 1.719 -7.497 14.652 8.856 9.61073382916 K D -2.7905 -5.55395155488 3.39519599802
56 83 A A -1.254 17.956 6.835 -7.497 14.652 8.856 7.34682918365 E D -7.644 -5.55395155488 3.39519599802
56 85 A A -1.254 17.956 6.835 -1.953 9.176 6.533 8.81295639045 E V -14.203 -5.55395155488 3.39519599802
57 78 A A -2.92 13.069 5.769 -0.418 4.651 1.595 9.72342565197 A V -11.1305 -5.55395155488 3.39519599802
57 80 A A -2.92 13.069 5.769 -6.097 8.935 3.025 5.89175861774 A F -11.9885 -5.55395155488 3.39519599802
57 81 A A -2.92 13.069 5.769 -9.365 7.052 7.349 8.95760638856 A D -6.483 -5.55395155488 3.39519599802
57 82 A A -2.92 13.069 5.769 -10.25 11.713 6.358 7.47760358939 A G -4.6225 -5.55395155488 3.39519599802
57 83 A A -2.92 13.069 5.769 -7.497 14.652 8.856 5.74320365408 A D -7.2865 -5.55395155488 3.39519599802
57 84 A A -2.92 13.069 5.769 -6.6 9.245 10.167 6.89258872984 A T -10.6885 -5.55395155488 3.39519599802
57 85 A A -2.92 13.069 5.769 -1.953 9.176 6.533 4.08341019796 A V -13.8455 -5.55395155488 3.39519599802
57 86 A A -2.92 13.069 5.769 -3.476 3.934 8.283 9.49091991687 A T -9.5295 -5.55395155488 3.39519599802
58 78 A A -0.412 14.092 1.189 -0.418 4.651 1.595 9.44972765358 E V -7.8155 -5.55395155488 3.39519599802
58 80 A A -0.412 14.092 1.189 -6.097 8.935 3.025 7.89206977996 E F -8.6735 -5.55395155488 3.39519599802
58 85 A A -0.412 14.092 1.189 -1.953 9.176 6.533 7.42294246185 E V -10.5305 -5.55395155488 3.39519599802
59 85 A A 3.446 16.445 3.996 -1.953 9.176 6.533 9.40340009192 K V -12.317 -5.55395155488 3.39519599802
60 84 A A 2.343 12.577 7.5 -6.6 9.245 10.167 9.90920565349 F T -13.923 -5.55395155488 3.39519599802
60 85 A A 2.343 12.577 7.5 -1.953 9.176 6.533 5.5639469986 F V -17.08 -5.55395155488 3.39519599802
60 87 A A 2.343 12.577 7.5 2.156 4.28 6.343 8.37936812647 F V -17.6945 -5.55395155488 3.39519599802
61 76 A A 1.441 9.419 3.26 4.26 0.326 2.122 9.58772368977 A I -10.694 -5.55395155488 3.39519599802
61 78 A A 1.441 9.419 3.26 -0.418 4.651 1.595 5.38162860162 A V -10.2335 -5.55395155488 3.39519599802
61 79 A A 1.441 9.419 3.26 -5.398 3.315 4.339 9.23011215311 A T -7.4135 -5.55395155488 3.39519599802
61 80 A A 1.441 9.419 3.26 -6.097 8.935 3.025 7.55717710771 A F -11.0915 -5.55395155488 3.39519599802
61 85 A A 1.441 9.419 3.26 -1.953 9.176 6.533 4.72131490052 A V -12.9485 -5.55395155488 3.39519599802
61 86 A A 1.441 9.419 3.26 -3.476 3.934 8.283 8.91586423501 A T -8.6325 -5.55395155488 3.39519599802
61 87 A A 1.441 9.419 3.26 2.156 4.28 6.343 6.03534829218 A V -13.563 -5.55395155488 3.39519599802
62 78 A A 5.839 11.968 1.367 -0.418 4.651 1.595 9.630188643 A V -8.228 -5.55395155488 3.39519599802
62 85 A A 5.839 11.968 1.367 -1.953 9.176 6.533 9.75695094471 A V -10.943 -5.55395155488 3.39519599802
62 87 A A 5.839 11.968 1.367 2.156 4.28 6.343 9.87068451734 A V -11.5575 -5.55395155488 3.39519599802
63 85 A A 7.444 11.631 6.508 -1.953 9.176 6.533 9.71242743014 I V -12.808 -5.55395155488 3.39519599802
63 87 A A 7.444 11.631 6.508 2.156 4.28 6.343 9.0568958059 I V -13.4225 -5.55395155488 3.39519599802
64 76 A A 5.079 7.144 7.071 4.26 0.326 2.122 8.4645429282 L I -14.949 -5.55395155488 3.39519599802
64 78 A A 5.079 7.144 7.071 -0.418 4.651 1.595 8.14976286185 L V -14.4885 -5.55395155488 3.39519599802
64 85 A A 5.079 7.144 7.071 -1.953 9.176 6.533 7.33944761904 L V -17.2035 -5.55395155488 3.39519599802
64 86 A A 5.079 7.144 7.071 -3.476 3.934 8.283 9.21743316805 L T -12.8875 -5.55395155488 3.39519599802
64 87 A A 5.079 7.144 7.071 2.156 4.28 6.343 4.15648997492 L V -17.818 -5.55395155488 3.39519599802
64 88 A A 5.079 7.144 7.071 0.045 -1.172 7.391 9.72622284057 L E -15.8605 -5.55395155488 3.39519599802
64 89 A A 5.079 7.144 7.071 4.345 -2.181 6.106 9.40348887593 L G -11.811 -5.55395155488 3.39519599802
65 76 A A 6.622 6.217 1.869 4.26 0.326 2.122 6.35192345117 I I -10.3775 -5.55395155488 3.39519599802
65 78 A A 6.622 6.217 1.869 -0.418 4.651 1.595 7.2172735912 I V -9.917 -5.55395155488 3.39519599802
65 87 A A 6.622 6.217 1.869 2.156 4.28 6.343 6.61164162569 I V -13.2465 -5.55395155488 3.39519599802
65 89 A A 6.622 6.217 1.869 4.345 -2.181 6.106 9.67798015478 I G -7.2395 -5.55395155488 3.39519599802
67 87 A A 10.034 5.89 8.104 2.156 4.28 6.343 8.23140987513 V V -13.838 -5.55395155488 3.39519599802
68 78 A A 8.043 1.749 5.717 -0.418 4.651 1.595 9.84890928285 F V -14.7585 -5.55395155488 3.39519599802
68 87 A A 8.043 1.749 5.717 2.156 4.28 6.343 6.43852526535 F V -18.088 -5.55395155488 3.39519599802
68 88 A A 8.043 1.749 5.717 0.045 -1.172 7.391 8.6777026122 F E -16.1305 -5.55395155488 3.39519599802
68 89 A A 8.043 1.749 5.717 4.345 -2.181 6.106 5.41030745812 F G -12.081 -5.55395155488 3.39519599802
68 90 A A 8.043 1.749 5.717 4.724 -6.792 5.376 9.16955367726 F Q -12.2595 -5.55395155488 3.39519599802
68 91 A A 8.043 1.749 5.717 9.865 -7.422 7.524 9.52324336886 F L -12.509 -5.55395155488 3.39519599802
69 89 A A 11.476 2.654 1.832 4.345 -2.181 6.106 9.61745623344 A G -4.5205 -5.55395155488 3.39519599802
71 89 A A 13.1 0.287 8.621 4.345 -2.181 6.106 9.43749405878 L G -7.208 -5.55395155488 3.39519599802
71 91 A A 13.1 0.287 8.621 9.865 -7.422 7.524 8.43192272987 L L -7.636 -5.55395155488 3.39519599802
72 89 A A 13.465 -2.739 4.875 4.345 -2.181 6.106 9.21960629713 G G -3.3295 -5.55395155488 3.39519599802
72 90 A A 13.465 -2.739 4.875 4.724 -6.792 5.376 9.64794744562 G Q -3.508 -5.55395155488 3.39519599802
72 91 A A 13.465 -2.739 4.875 9.865 -7.422 7.524 6.47361490912 G L -3.7575 -5.55395155488 3.39519599802
73 87 A A 8.781 -2.137 5.932 2.156 4.28 6.343 9.23241239248 Y V -18.564 -5.55395155488 3.39519599802
73 88 A A 8.781 -2.137 5.932 0.045 -1.172 7.391 8.90941087066 Y E -16.6065 -5.55395155488 3.39519599802
73 89 A A 8.781 -2.137 5.932 4.345 -2.181 6.106 4.43962960139 Y G -12.557 -5.55395155488 3.39519599802
73 90 A A 8.781 -2.137 5.932 4.724 -6.792 5.376 6.19979105073 Y Q -12.7355 -5.55395155488 3.39519599802
73 91 A A 8.781 -2.137 5.932 9.865 -7.422 7.524 5.62501045488 Y L -12.985 -5.55395155488 3.39519599802
74 89 A A 9.985 -3.784 0.428 4.345 -2.181 6.106 8.16203963187 N G -3.2705 -5.55395155488 3.39519599802
74 90 A A 9.985 -3.784 0.428 4.724 -6.792 5.376 7.8236107109 N Q -3.449 -5.55395155488 3.39519599802
74 91 A A 9.985 -3.784 0.428 9.865 -7.422 7.524 7.97512776179 N L -3.6985 -5.55395155488 3.39519599802
75 88 A A 4.745 -5.479 0.716 0.045 -1.172 7.391 9.23016087442 D E -5.9995 -5.55395155488 3.39519599802
75 89 A A 4.745 -5.479 0.716 4.345 -2.181 6.106 6.33157984066 D G -1.95 -5.55395155488 3.39519599802
75 90 A A 4.745 -5.479 0.716 4.724 -6.792 5.376 4.84148818575 D Q -2.1285 -5.55395155488 3.39519599802
75 91 A A 4.745 -5.479 0.716 9.865 -7.422 7.524 8.73719133361 D L -2.378 -5.55395155488 3.39519599802
76 87 A A 4.26 0.326 2.122 2.156 4.28 6.343 6.1544921692 I V -14.344 -5.55395155488 3.39519599802
76 88 A A 4.26 0.326 2.122 0.045 -1.172 7.391 6.91177198164 I E -12.3865 -5.55395155488 3.39519599802
76 89 A A 4.26 0.326 2.122 4.345 -2.181 6.106 4.70792199532 I G -8.337 -5.55395155488 3.39519599802
76 90 A A 4.26 0.326 2.122 4.724 -6.792 5.376 7.84026376251 I Q -8.5155 -5.55395155488 3.39519599802
77 87 A A -1.256 -0.953 2.983 2.156 4.28 6.343 7.0933514509 N V -10.781 -5.55395155488 3.39519599802
77 88 A A -1.256 -0.953 2.983 0.045 -1.172 7.391 4.60119831657 N E -8.8235 -5.55395155488 3.39519599802
77 89 A A -1.256 -0.953 2.983 4.345 -2.181 6.106 6.52934233697 N G -4.774 -5.55395155488 3.39519599802
77 90 A A -1.256 -0.953 2.983 4.724 -6.792 5.376 8.69371996037 N Q -4.9525 -5.55395155488 3.39519599802
78 88 A A -0.418 4.651 1.595 0.045 -1.172 7.391 8.22893115679 V E -11.926 -5.55395155488 3.39519599802
78 89 A A -0.418 4.651 1.595 4.345 -2.181 6.106 9.47161592311 V G -7.8765 -5.55395155488 3.39519599802
